date,IPS-Patienten,davon Covid-19-Patienten,Bettenkapazität,Zertifizierte Betten
2020-10-01,664,35,1025,873
2020-10-02,670,30,1027,873
2020-10-03,671,30,1025,873
2020-10-04,677,30,1025,873
2020-10-05,654,37,1025,873
2020-10-06,677,37,1025,873
2020-10-07,680,36,1026,873
2020-10-08,699,42,1025,873
2020-10-09,685,43,1025,873
2020-10-10,683,45,1023,873
2020-10-11,680,45,1029,873
2020-10-12,619,44,1033,873
2020-10-13,656,51,1031,879
2020-10-14,668,47,1034,879
2020-10-15,682,57,1031,873
2020-10-16,674,63,1031,873
2020-10-17,667,68,1032,867
2020-10-18,665,75,1032,867
2020-10-19,667,95,1030,867
2020-10-20,666,103,1026,861
2020-10-21,675,119,1025,868
2020-10-22,670,129,1025,868
2020-10-23,710,148,1037,864
2020-10-24,711,154,1038,863
2020-10-25,699,157,1039,868
2020-10-26,662,190,1032,863
2020-10-27,701,221,1028,863
2020-10-28,709,220,1051,863
2020-10-29,700,240,1058,863
2020-10-30,699,258,1052,863
2020-10-31,715,285,1058,869
2020-11-01,696,302,1076,869
2020-11-02,721,332,1086,874
2020-11-03,770,366,1085,874
2020-11-04,756,391,1004,880
2020-11-05,783,420,1041,868
2020-11-06,793,443,1058,870
2020-11-07,781,452,1067,870
2020-11-08,766,458,1065,876
2020-11-09,779,463,1078,919
2020-11-10,817,492,1091,919
2020-11-11,817,492,1104,923
2020-11-12,832,502,1106,925
2020-11-13,844,490,1115,878
2020-11-14,840,505,1128,886
2020-11-15,815,513,1131,884
2020-11-16,842,523,1142,887
2020-11-17,862,534,1145,887
2020-11-18,858,530,1145,874
2020-11-19,874,525,1135,866
2020-11-20,870,534,1134,867
2020-11-21,854,525,1133,868
2020-11-22,842,531,1140,868
2020-11-23,863,525,1126,868
2020-11-24,846,508,1128,868
2020-11-25,870,507,1129,868
2020-11-26,860,496,1127,868
2020-11-27,854,487,1120,865
2020-11-28,850,487,1117,865
2020-11-29,837,493,1113,865
2020-11-30,861,481,1116,865
2020-12-01,863,480,1115,875
2020-12-02,877,489,1115,877
2020-12-03,850,475,1114,877
2020-12-04,856,464,1112,877
2020-12-05,849,473,1107,877
2020-12-06,843,463,1104,880
2020-12-07,836,458,1099,876
2020-12-08,848,461,1099,877
2020-12-09,852,461,1092,865
2020-12-10,848,471,1089,865
2020-12-11,825,469,1084,865
2020-12-12,821,464,1090,865
2020-12-13,803,469,1086,865
2020-12-14,815,477,1078,865
2020-12-15,820,469,1084,865
2020-12-16,838,477,1086,865
2020-12-17,809,473,1078,865
2020-12-18,788,453,1073,865
2020-12-19,796,450,1070,841
2020-12-20,756,448,1068,841
2020-12-21,750,445,1067,841
2020-12-22,763,445,1050,863
2020-12-23,752,448,1045,863
2020-12-24,765,447,1043,863
2020-12-25,750,446,1039,863
2020-12-26,747,453,1037,903
2020-12-27,755,463,1042,903
2020-12-28,730,445,1043,864
2020-12-29,756,437,1044,864
2020-12-30,743,424,1043,864
2020-12-31,738,424,1043,864
2021-01-01,729,421,1040,861
2021-01-02,728,421,1038,861
2021-01-03,741,428,1040,861
2021-01-04,771,434,1041,862
2021-01-05,777,443,1044,864
2021-01-06,784,438,1047,865
2021-01-07,787,420,1037,864
2021-01-08,783,408,1042,864
2021-01-09,731,396,1040,864
2021-01-10,713,394,1038,864
2021-01-11,738,400,1039,864
2021-01-12,751,380,1049,865
2021-01-13,782,374,1047,865
2021-01-14,782,379,1035,865
2021-01-15,795,372,1028,864
2021-01-16,746,365,1028,864
2021-01-17,740,359,1028,864
2021-01-18,741,346,1016,864
2021-01-19,746,340,1017,864
2021-01-20,762,329,1012,864
2021-01-21,745,320,1010,864
2021-01-22,747,331,1003,864
2021-01-23,724,315,997,864
2021-01-24,720,308,998,864
2021-01-25,728,298,1000,864
2021-01-26,729,290,996,864
2021-01-27,737,283,998,864
2021-01-28,745,291,1002,864
2021-01-29,735,299,1002,864
2021-01-30,702,276,992,864
2021-01-31,694,285,988,864
2021-02-01,703,284,984,864
2021-02-02,700,268,987,864
2021-02-03,709,264,983,864
2021-02-04,714,260,984,864
2021-02-05,716,257,980,866
2021-02-06,707,249,985,866
2021-02-07,684,247,981,866
2021-02-08,695,253,982,866
2021-02-09,703,250,979,866
2021-02-10,715,248,979,866
2021-02-11,686,241,978,866
2021-02-12,690,233,983,864
2021-02-13,682,223,986,864
2021-02-14,672,220,987,864
2021-02-15,679,233,988,864
2021-02-16,699,220,983,865
2021-02-17,695,212,990,865
2021-02-18,680,211,984,865
2021-02-19,679,207,985,866
2021-02-20,649,198,981,866
2021-02-21,670,200,981,866
2021-02-22,646,197,986,865
2021-02-23,641,188,988,865
2021-02-24,654,191,987,865
2021-02-25,672,194,987,865
2021-02-26,674,184,987,865
2021-02-27,652,178,982,865
2021-02-28,635,179,978,865
2021-03-01,676,173,979,865
2021-03-02,679,187,979,865
2021-03-03,697,175,979,865
2021-03-04,710,177,970,865
2021-03-05,665,172,970,865
2021-03-06,647,172,968,865
2021-03-07,624,178,961,865
2021-03-08,658,178,963,865
2021-03-09,668,171,972,865
2021-03-10,663,174,969,865
2021-03-11,677,167,971,865
2021-03-12,679,156,969,865
2021-03-13,683,175,968,865
2021-03-14,644,168,966,865
2021-03-15,666,175,971,865
2021-03-16,657,170,965,865
2021-03-17,685,162,965,865
2021-03-18,686,161,966,865
2021-03-19,689,165,968,865
2021-03-20,669,170,958,865
2021-03-21,640,175,960,865
2021-03-22,660,167,964,864
2021-03-23,658,173,964,864
2021-03-24,697,172,965,864
2021-03-25,688,169,969,864
2021-03-26,685,167,966,864
2021-03-27,657,171,963,864
2021-03-28,630,169,964,864
2021-03-29,641,166,963,864
2021-03-30,688,174,961,864
2021-03-31,679,168,958,864
2021-04-01,656,166,959,864
2021-04-02,619,166,944,864
2021-04-03,618,179,947,864
2021-04-04,590,180,942,864
2021-04-05,626,189,947,864
2021-04-06,643,186,961,862
2021-04-07,659,198,953,864
2021-04-08,665,195,938,864
2021-04-09,645,200,938,864
2021-04-10,637,203,931,864
2021-04-11,615,205,934,864
2021-04-12,638,207,926,864
2021-04-13,658,220,932,864
2021-04-14,668,223,929,864
2021-04-15,674,235,930,864
2021-04-16,684,246,930,864
2021-04-17,667,254,934,875
2021-04-18,645,250,933,875
2021-04-19,692,249,939,875
2021-04-20,701,245,941,875
2021-04-21,720,244,940,875
2021-04-22,706,244,939,875
2021-04-23,702,250,938,875
2021-04-24,680,250,933,875
2021-04-25,660,250,931,875
2021-04-26,704,253,943,875
2021-04-27,706,254,939,875
2021-04-28,684,259,936,875
2021-04-29,707,257,936,875
2021-04-30,699,256,937,875
2021-05-01,687,250,929,875
2021-05-02,654,241,927,875
2021-05-03,654,241,927,875
2021-05-04,701,223,926,875
2021-05-05,705,229,927,875
2021-05-06,696,216,927,874
2021-05-07,673,215,923,874
2021-05-08,665,211,925,874
2021-05-09,659,205,922,874
2021-05-10,656,207,925,874
2021-05-11,656,193,923,873
2021-05-12,670,194,920,873
2021-05-13,619,188,912,873
2021-05-14,638,197,914,873
2021-05-15,647,205,907,873
2021-05-16,623,201,906,873
2021-05-17,622,188,913,873
2021-05-18,671,182,914,873
2021-05-19,680,180,916,873
2021-05-20,666,165,909,873
2021-05-21,656,167,906,873
2021-05-22,626,160,895,873
2021-05-23,607,161,894,873
2021-05-24,615,158,894,873
2021-05-25,641,148,906,873
2021-05-26,636,141,906,873
2021-05-27,682,145,931,898
2021-05-28,662,140,904,873
2021-05-29,633,139,895,873
2021-05-30,616,134,894,873
2021-05-31,607,136,896,873
2021-06-01,644,132,899,873
2021-06-02,636,127,895,873
2021-06-03,661,128,897,873
2021-06-04,631,124,897,873
2021-06-05,615,123,893,873
2021-06-06,619,123,916,898
2021-06-07,615,111,921,897
2021-06-08,645,105,926,902
2021-06-09,659,103,926,902
2021-06-10,667,100,927,902
2021-06-11,656,99,900,877
2021-06-12,622,95,895,877
2021-06-13,582,92,893,877
2021-06-14,558,90,897,872
2021-06-15,608,83,895,872
2021-06-16,617,73,897,872
2021-06-17,615,75,897,872
2021-06-18,611,74,903,872
2021-06-19,613,66,896,872
2021-06-20,620,71,896,872
2021-06-21,612,70,894,872
2021-06-22,644,61,899,872
2021-06-23,650,55,900,872
2021-06-24,630,55,900,872
2021-06-25,621,49,895,872
2021-06-26,567,49,887,872
2021-06-27,572,50,887,872
2021-06-28,580,47,889,872
2021-06-29,602,43,889,872
2021-06-30,597,36,893,872
2021-07-01,601,36,895,873
2021-07-02,637,33,895,873
2021-07-03,621,34,895,873
2021-07-04,600,35,896,873
2021-07-05,589,28,894,873
2021-07-06,619,28,896,873
2021-07-07,623,26,896,873
2021-07-08,608,24,900,873
2021-07-09,618,24,898,873
2021-07-10,601,26,895,873
2021-07-11,599,26,893,873
2021-07-12,621,25,904,873
2021-07-13,644,24,904,873
2021-07-14,635,21,903,873
2021-07-15,652,24,900,873
2021-07-16,643,26,897,872
2021-07-17,644,25,901,872
2021-07-18,631,25,898,872
2021-07-19,606,33,897,873
2021-07-20,615,32,899,873
2021-07-21,623,30,897,873
2021-07-22,634,31,899,873
2021-07-23,625,32,895,873
2021-07-24,611,35,893,873
2021-07-25,592,34,893,873
2021-07-26,601,40,895,873
2021-07-27,618,38,895,873
2021-07-28,615,38,893,873
2021-07-29,611,35,894,873
2021-07-30,627,36,898,873
2021-07-31,619,42,896,873
2021-08-01,609,41,895,873
2021-08-02,579,44,892,873
2021-08-03,615,48,891,873
2021-08-04,622,52,893,873
2021-08-05,601,55,891,873
2021-08-06,600,56,883,873
2021-08-07,593,59,885,873
2021-08-08,582,59,885,873
2021-08-09,585,72,894,873
2021-08-10,628,76,894,873
2021-08-11,637,79,896,873
2021-08-12,647,83,896,873
2021-08-13,640,91,896,873
2021-08-14,631,94,891,873
2021-08-15,624,96,890,873
2021-08-16,641,122,891,873
2021-08-17,676,144,891,873
2021-08-18,671,163,877,873
2021-08-19,674,170,870,873
2021-08-20,663,181,869,873
2021-08-21,653,190,863,873
2021-08-22,636,195,857,873
2021-08-23,662,215,859,873
2021-08-24,707,224,870,873
2021-08-25,702,230,868,873
2021-08-26,698,237,871,873
2021-08-27,703,249,875,873
2021-08-28,692,271,882,890
2021-08-29,696,287,926,930
2021-08-30,701,284,923,931
2021-08-31,715,275,921,931
2021-09-01,741,286,922,921
2021-09-02,737,297,920,921
2021-09-03,746,300,924,921
2021-09-04,730,298,919,932
2021-09-05,708,298,914,932
2021-09-06,710,304,933,940
2021-09-07,734,301,935,940
2021-09-08,750,307,936,941
2021-09-09,731,294,923,940
2021-09-10,713,296,918,940
2021-09-11,702,294,909,938
2021-09-12,710,293,903,940
2021-09-13,714,294,938,955
2021-09-14,722,285,938,955
2021-09-15,723,281,936,956
2021-09-16,737,280,940,956
2021-09-17,730,286,938,956
2021-09-18,725,280,931,956
2021-09-19,708,272,922,956
2021-09-20,714,255,942,956
2021-09-21,711,246,942,956
2021-09-22,720,246,937,956
2021-09-23,719,225,960,956
2021-09-24,688,231,936,956
2021-09-25,698,225,925,956
2021-09-26,700,228,925,956
2021-09-27,713,218,941,964
2021-09-28,725,207,942,971
2021-09-29,710,203,942,975
2021-09-30,713,195,954,985
2021-10-01,723,193,956,986
2021-10-02,699,189,937,985
2021-10-03,682,181,934,975
2021-10-04,684,176,944,975
2021-10-05,725,184,946,976
2021-10-06,707,179,942,974
2021-10-07,703,178,945,974
2021-10-08,707,168,941,974
2021-10-09,685,166,935,974
2021-10-10,676,158,933,974
2021-10-11,666,161,943,974
2021-10-12,688,151,942,974
2021-10-13,684,148,941,974
2021-10-14,693,142,937,974
2021-10-15,674,138,941,974
2021-10-16,689,137,940,974
2021-10-17,655,136,934,974
2021-10-18,651,131,946,974
2021-10-19,677,127,946,974
2021-10-20,695,131,945,974
2021-10-21,713,121,948,974
2021-10-22,680,118,946,974
2021-10-23,683,119,936,974
2021-10-24,656,122,943,974
2021-10-25,653,117,946,974
2021-10-26,665,116,948,974
2021-10-27,686,120,948,974
2021-10-28,717,131,951,974
2021-10-29,695,131,950,974
2021-10-30,672,124,941,974
2021-10-31,670,120,941,974
2021-11-01,668,129,950,974
2021-11-02,694,126,949,974
2021-11-03,714,119,951,975
2021-11-04,730,122,952,977
2021-11-05,729,123,955,977
2021-11-06,713,133,946,977
2021-11-07,695,136,944,977
2021-11-08,730,137,957,977
2021-11-09,723,143,958,977
2021-11-10,705,140,956,977
2021-11-11,720,139,955,977
2021-11-12,728,143,957,977
2021-11-13,718,147,949,977
2021-11-14,737,151,950,977
